f :=
0  1  0  13   1
0  1  8  1    1
0  1  9  8    1
0  1  13 9    1
0  2  0  12   1
0  2  4  2    1 
0  2  11 4    1
0  2  12 11   1
0  3  0  12   1
0  3  2  3    1
0  3  4  2    1 
0  3  11 4    1
0  3  12 11   1 
0  4  0  13   1 
0  4  11 4    1
0  4  13 11   1 
0  5  0  12   1
0  5  4  5    1 
0  5  11 4    1
0  5  12 11   1 
0  6  0  13   1
0  6  9  10   1
0  6  10 6    1
0  6  13 9    1 
0  7  0  13   1 
0  7  8  7    1
0  7  9  8    1 
0  7  13 9    1
0  8  0  6    1 
0  8  5  7    1
0  8  6  5    1
0  8  7  8    1 
0  9  0  13   1 
0  9  13 9    1 
0  10 0  13   1 
0  10 9  10   1
0  10 13 9    1 
0  11 0  13   1 
0  11 13 11   1 
0  12 0  13   1
0  12 11 12   1
0  12 13 11   1
0  13 0  12   1 
0  13 11 13   1
0  13 12 11   1 
1  0  1  8    1 
1  0  8  9    1
1  0  9  13   1
1  0  13 0    1 
1  2  1  3    1
1  2  3  2    1
1  3  1  2    1 
1  3  2  3    1 
1  4  1  8    1 
1  4  5  4    1
1  4  7  5    1
1  4  8  7    1 
1  5  1  8    1 
1  5  7  5    1
1  5  8  7    1 
1  6  1  8    1 
1  6  5  6    1
1  6  7  5    1
1  6  8  7    1
1  7  1  3    1 
1  7  3  6    1
1  7  6  10   1 
1  7  10 7    1
1  8  1  3    1 
1  8  3  6    1
1  8  6  10   1
1  8  9  8    1
1  8  10 9    1
1  9  1  3    1 
1  9  3  6    1
1  9  6  10   1 
1  9  10 9    1 
1  10 1  8    1 
1  10 7  10   1
1  10 8  7    1 
1  11 1  8    1 
1  11 8  9    1
1  11 9  12   1
1  11 12 11   1
1  12 1  2    1 
1  12 2  4    1
1  12 4  11   1 
1  12 11 12   1
1  13 1  2    1 
1  13 2  4    1
1  13 4  11   1 
1  13 11 13   1 
2  0  2  4    1 
2  0  4  11   1 
2  0  11 12   1
2  0  12 0    1 
2  1  2  3    1
2  1  3  1    1
2  3  1  3    1
2  3  2  1    1 
2  4  2  3    1 
2  4  3  6    1
2  4  5  4    1
2  4  6  5    1
2  5  2  3    1 
2  5  3  6    1 
2  5  6  5    1 
2  6  2  4    1 
2  6  4  5    1
2  6  5  6    1 
2  7  2  4    1
2  7  4  5    1
2  7  5  7    1 
2  8  2  4    1
2  8  4  5    1
2  8  5  7    1
2  8  7  8    1 
2  9  2  3    1
2  9  3  6    1
2  9  6  10   1 
2  9  10 9    1
2  10 1  8    1
2  10 2  1    1 
2  10 7  10   1
2  10 8  7    1
2  11 0  12   1
2  11 2  3    1 
2  11 3  6    1 
2  11 6  0    1
2  11 12 11   1
2  12 1  8    1
2  12 2  1    1 
2  12 8  9    1
2  12 9  12   1 
2  13 1  8    1
2  13 2  1    1 
2  13 8  9    1
2  13 9  13   1 
3  0  2  4    1
3  0  3  2    1 
3  0  4  11   1 
3  0  11 12   1
3  0  12 0    1
3  1  2  1    1 
3  1  3  2    1
3  2  1  2    1
3  2  3  1    1 
3  4  3  6    1
3  4  5  4    1
3  4  6  5    1
3  5  2  4    1
3  5  3  2    1 
3  5  4  5    1 
3  6  2  4    1
3  6  3  2    1 
3  6  4  5    1
3  6  5  6    1 
3  7  3  6    1
3  7  5  7    1
3  7  6  5    1 
3  8  3  6    1
3  8  6  10   1
3  8  7  8    1
3  8  10 7    1 
3  9  3  6    1
3  9  6  10   1 
3  9  10 9    1
3  10 1  8    1
3  10 3  1    1 
3  10 8  9    1
3  10 9  10   1
3  11 0  13   1 
3  11 3  6    1 
3  11 6  0    1
3  11 13 11   1 
3  12 2  4    1
3  12 3  2    1 
3  12 4  11   1 
3  12 11 12   1 
3  13 2  4    1
3  13 3  2    1 
3  13 4  11   1 
3  13 11 13   1 
4  0  4  11   1 
4  0  11 12   1
4  0  12 0    1 
4  1  4  5    1
4  1  5  7    1
4  1  7  8    1
4  1  8  1    1
4  2  3  2    1 
4  2  4  5    1
4  2  5  6    1
4  2  6  3    1 
4  3  4  5    1
4  3  5  6    1
4  3  6  3    1
4  5  2  3    1
4  5  3  6    1
4  5  4  2    1 
4  5  6  5    1
4  6  2  3    1
4  6  3  6    1
4  6  4  2    1 
4  7  1  8    1
4  7  2  1    1
4  7  4  2    1 
4  7  8  7    1
4  8  1  8    1
4  8  2  1    1
4  8  4  2    1 
4  9  1  8    1
4  9  2  1    1
4  9  4  2    1 
4  9  8  9    1 
4  10 4  11   1 
4  10 9  10   1
4  10 11 13   1
4  10 13 9    1
4  11 0  13   1
4  11 4  5    1 
4  11 5  6    1
4  11 6  0    1
4  11 13 11   1
4  12 0  12   1
4  12 4  5    1 
4  12 5  6    1
4  12 6  0    1 
4  13 0  13   1
4  13 4  5    1 
4  13 5  6    1
4  13 6  0    1 
5  0  4  11   1
5  0  5  4    1 
5  0  11 13   1
5  0  13 0    1 
5  1  5  7    1 
5  1  7  8    1
5  1  8  1    1
5  2  3  2    1 
5  2  5  6    1
5  2  6  3    1
5  3  2  3    1
5  3  4  2    1
5  3  5  4    1 
5  4  2  4    1
5  4  3  2    1 
5  4  5  6    1
5  4  6  3    1 
5  6  5  7    1
5  6  7  10   1
5  6  10 6    1
5  7  5  6    1 
5  7  6  10   1
5  7  10 7    1
5  8  1  8    1
5  8  3  1    1
5  8  5  6    1 
5  8  6  3    1 
5  9  5  7    1 
5  9  7  8    1
5  9  8  9    1 
5  10 5  7    1 
5  10 7  10   1
5  11 0  12   1 
5  11 5  6    1
5  11 6  0    1
5  11 12 11   1
5  12 0  12   1 
5  12 5  6    1
5  12 6  0    1 
5  13 0  13   1 
5  13 5  6    1
5  13 6  0    1 
6  0  6  10   1
6  0  9  13   1
6  0  10 9    1
6  0  13 0    1 
6  1  6  10   1
6  1  7  8    1
6  1  8  1    1
6  1  10 7    1 
6  2  4  2    1
6  2  5  4    1 
6  2  6  5    1
6  3  2  3    1
6  3  4  2    1
6  3  5  4    1 
6  3  6  5    1
6  4  2  4    1
6  4  3  2    1 
6  4  6  3    1 
6  5  6  10   1
6  5  7  5    1
6  5  10 7    1 
6  7  6  10   1
6  7  10 7    1 
6  8  6  10   1 
6  8  9  8    1
6  8  10 9    1
6  9  0  13   1
6  9  6  0    1 
6  9  13 9    1
6  10 5  7    1
6  10 6  5    1 
6  10 7  10   1 
6  11 4  11   1
6  11 5  4    1 
6  11 6  5    1 
6  12 6  10   1
6  12 9  12   1
6  12 10 9    1 
6  13 6  10   1
6  13 9  13   1
6  13 10 9    1 
7  0  7  8    1 
7  0  8  9    1
7  0  9  12   1 
7  0  12 0    1
7  1  3  1    1
7  1  6  3    1 
7  1  7  10   1 
7  1  10 6    1 
7  2  4  2    1
7  2  5  4    1
7  2  7  5    1 
7  3  6  3    1 
7  3  7  10   1 
7  3  10 6    1
7  4  1  2    1
7  4  2  4    1 
7  4  7  8    1
7  4  8  1    1
7  5  6  5    1 
7  5  7  10   1
7  5  10 6    1 
7  6  7  10   1
7  6  10 6    1 
7  8  7  10   1
7  8  9  8    1
7  8  10 9    1 
7  9  7  10   1 
7  9  10 9    1
7  10 7  8    1 
7  10 8  9    1
7  10 9  10   1 
7  11 7  10   1
7  11 9  12   1
7  11 10 9    1
7  11 12 11   1
7  12 0  12   1
7  12 6  0    1 
7  12 7  10   1 
7  12 10 6    1
7  13 0  13   1
7  13 6  0    1 
7  13 7  10   1 
7  13 10 6    1
8  0  6  0    1
8  0  7  10   1
8  0  8  7    1 
8  0  10 6    1 
8  1  3  1    1
8  1  6  3    1
8  1  7  10   1 
8  1  8  7    1
8  1  10 6    1 
8  2  4  2    1
8  2  5  4    1
8  2  7  5    1 
8  2  8  7    1 
8  3  6  3    1
8  3  7  10   1 
8  3  8  7    1
8  3  10 6    1
8  4  1  2    1
8  4  2  4    1 
8  4  8  1    1 
8  5  1  3    1
8  5  3  6    1
8  5  6  5    1 
8  5  8  1    1 
8  6  5  6    1
8  6  7  5    1
8  6  8  7    1 
8  7  8  9    1
8  7  9  10   1
8  7  10 7    1
8  9  7  10   1
8  9  8  7    1 
8  9  10 9    1 
8  10 8  9    1
8  10 9  10   1
8  11 4  11   1
8  11 5  4    1
8  11 7  5    1
8  11 8  7    1 
8  12 1  2    1
8  12 2  4    1
8  12 4  11   1
8  12 8  1    1 
8  12 11 12   1
8  13 4  11   1
8  13 5  4    1
8  13 7  5    1
8  13 8  7    1 
8  13 11 13   1 
9  0  9  13   1 
9  0  13 0    1
9  1  3  1    1
9  1  6  3    1 
9  1  9  10   1
9  1  10 6    1 
9  2  4  2    1 
9  2  9  13   1
9  2  11 4    1
9  2  13 11   1 
9  3  6  3    1 
9  3  9  10   1
9  3  10 6    1
9  4  1  2    1
9  4  2  4    1
9  4  8  1    1
9  4  9  8    1 
9  5  6  5    1 
9  5  9  10   1
9  5  10 6    1
9  6  0  6    1
9  6  9  10   1 
9  6  10 6    1 
9  7  9  10   1
9  7  10 7    1
9  8  7  8    1 
9  8  9  10   1
9  8  10 7    1
9  10 7  10   1
9  10 8  7    1
9  10 9  8    1 
9  11 9  13   1 
9  11 13 11   1
9  12 0  12   1 
9  12 9  13   1
9  12 13 0    1
9  13 0  13   1
9  13 9  12   1 
9  13 12 0    1 
10 0  9  12   1 
10 0  10 9    1
10 0  12 0    1 
10 1  7  8    1
10 1  8  1    1 
10 1  10 7    1
10 2  1  2    1 
10 2  7  8    1
10 2  8  1    1 
10 2  10 7    1
10 3  1  3    1 
10 3  7  8    1
10 3  8  1    1 
10 3  10 7    1 
10 4  9  12   1 
10 4  10 9    1
10 4  11 4    1
10 4  12 11   1 
10 5  7  5    1 
10 5  10 7    1
10 6  5  6    1
10 6  7  5    1 
10 6  10 7    1
10 7  8  7    1
10 7  9  8    1 
10 7  10 9    1 
10 8  9  8    1 
10 8  10 9    1
10 9  7  8    1
10 9  8  9    1
10 9  10 7    1 
10 11 4  11   1
10 11 5  4    1
10 11 7  5    1 
10 11 10 7    1 
10 12 0  12   1
10 12 6  0    1 
10 12 10 6    1 
10 13 0  13   1
10 13 6  0    1 
10 13 10 6    1 
11 0  11 13   1 
11 0  13 0    1 
11 1  8  1    1
11 1  9  8    1 
11 1  11 13   1
11 1  13 9    1
11 2  0  6    1
11 2  3  2    1 
11 2  6  3    1 
11 2  11 13   1
11 2  13 0    1
11 3  0  6    1 
11 3  6  3    1 
11 3  11 13   1
11 3  13 0    1
11 4  0  6    1
11 4  5  4    1
11 4  6  5    1 
11 4  11 13   1
11 4  13 0    1
11 5  0  6    1 
11 5  6  5    1 
11 5  11 12   1
11 5  12 0    1
11 6  0  6    1 
11 6  11 12   1
11 6  12 0    1 
11 7  9  10   1
11 7  10 7    1 
11 7  11 12   1
11 7  12 9    1
11 8  1  8    1
11 8  2  1    1
11 8  4  2    1 
11 8  11 4    1 
11 9  11 13   1 
11 9  13 9    1
11 10 4  5    1
11 10 5  7    1
11 10 7  10   1 
11 10 11 4    1 
11 12 9  12   1 
11 12 11 13   1
11 12 13 9    1
11 13 0  13   1
11 13 11 12   1 
11 13 12 0    1
12 0  11 13   1 
12 0  12 11   1
12 0  13 0    1
12 1  2  1    1
12 1  4  2    1 
12 1  11 4    1 
12 1  12 11   1
12 2  1  2    1 
12 2  8  1    1
12 2  9  8    1 
12 2  12 9    1 
12 3  2  3    1
12 3  4  2    1 
12 3  11 4    1 
12 3  12 11   1
12 4  0  6    1
12 4  5  4    1
12 4  6  5    1 
12 4  12 0    1 
12 5  4  5    1 
12 5  11 4    1 
12 5  12 11   1 
12 6  9  10   1
12 6  10 6    1 
12 6  12 9    1
12 7  4  5    1
12 7  5  7    1 
12 7  11 4    1 
12 7  12 11   1
12 8  1  8    1
12 8  2  1    1
12 8  4  2    1 
12 8  11 4    1 
12 8  12 11   1
12 9  11 13   1 
12 9  12 11   1
12 9  13 9    1
12 10 0  6    1
12 10 6  10   1 
12 10 12 0    1 
12 11 9  13   1
12 11 12 9    1 
12 11 13 11   1 
12 13 11 13   1 
12 13 12 11   1
13 0  11 12   1
13 0  12 0    1 
13 0  13 11   1
13 1  2  1    1
13 1  4  2    1 
13 1  11 4    1 
13 1  13 11   1
13 2  1  2    1 
13 2  8  1    1
13 2  9  8    1 
13 2  13 9    1 
13 3  1  3    1 
13 3  8  1    1
13 3  9  8    1 
13 3  13 9    1
13 4  0  6    1
13 4  5  4    1
13 4  6  5    1 
13 4  13 0    1 
13 5  0  6    1 
13 5  6  5    1 
13 5  13 0    1 
13 6  9  10   1
13 6  10 6    1 
13 6  13 9    1
13 7  0  6    1
13 7  6  10   1 
13 7  10 7    1
13 7  13 0    1 
13 8  0  6    1
13 8  6  10   1
13 8  7  8    1 
13 8  10 7    1
13 8  13 0    1 
13 9  11 12   1
13 9  12 9    1 
13 9  13 11   1
13 10 0  6    1
13 10 6  10   1 
13 10 13 0    1 
13 11 0  12   1
13 11 12 11   1
13 11 13 0    1 
13 12 11 12   1 
13 12 13 11   1
;

