f :=
0 1 0 4  1
0 1 4 5  1
0 1 5 1  1
0 2 0 4  1
0 2 4 6  1
0 2 6 2  1
0 3 0 4  1
0 3 4 6  1
0 3 6 3  1
0 4 0 4  1
0 5 0 4  1
0 5 4 5  1
0 6 0 4  1
0 6 4 6  1
0 7 0 3  1
0 7 3 7  1
0 8 0 3  1
0 8 3 7  1
0 8 7 8  1
0 9 0 3  1
0 9 3 7  1
0 9 7 9  1
0 10 0 4  1
0 10 4 6  1
0 10 6 10  1
0 11 0 3  1
0 11 3 6  1
0 11 6 10  1
0 11 10 11  1
0 12 0 4  1
0 12 4 6  1
0 12 6 10  1
0 12 10 12  1
0 13 0 3  1
0 13 3 7  1
0 13 7 9  1
0 13 9 13  1
1 0 1 5  1
1 0 5 4  1
1 0 4 0  1
1 2 1 8  1
1 2 8 2  1
1 3 1 8  1
1 3 8 7  1
1 3 7 3  1
1 4 1 5  1
1 4 5 4  1
1 5 1 5  1
1 6 1 5  1
1 6 5 6  1
1 7 1 8  1
1 7 8 7  1
1 8 1 8  1
1 9 1 8  1
1 9 8 11  1
1 9 11 13  1
1 9 13 9  1
1 10 1 8  1
1 10 8 11  1
1 10 11 10  1
1 11 1 8  1
1 11 8 11  1
1 12 1 8  1
1 12 8 7  1
1 12 7 9  1
1 12 9 12  1
1 13 1 8  1
1 13 8 11  1
1 13 11 13  1
2 0 2 6  1
2 0 6 4  1
2 0 4 0  1
2 1 2 8  1
2 1 8 1  1
2 3 2 8  1
2 3 8 7  1
2 3 7 3  1
2 4 2 6  1
2 4 6 4  1
2 5 2 6  1
2 5 6 5  1
2 6 2 6  1
2 7 2 8  1
2 7 8 7  1
2 8 2 8  1
2 9 2 8  1
2 9 8 7  1
2 9 7 9  1
2 10 2 8  1
2 10 8 11  1
2 10 11 10  1
2 11 2 8  1
2 11 8 11  1
2 12 2 8  1
2 12 8 7  1
2 12 7 9  1
2 12 9 12  1
2 13 2 8  1
2 13 8 11  1
2 13 11 13  1
3 0 3 6  1
3 0 6 4  1
3 0 4 0  1
3 1 3 7  1
3 1 7 8  1
3 1 8 1  1
3 2 3 7  1
3 2 7 8  1
3 2 8 2  1
3 4 3 6  1
3 4 6 4  1
3 5 3 6  1
3 5 6 5  1
3 6 3 6  1
3 7 3 7  1
3 8 3 7  1
3 8 7 8  1
3 9 3 7  1
3 9 7 9  1
3 10 3 7  1
3 10 7 9  1
3 10 9 12  1
3 10 12 10  1
3 11 3 7  1
3 11 7 8  1
3 11 8 11  1
3 12 3 7  1
3 12 7 9  1
3 12 9 12  1
3 13 3 7  1
3 13 7 9  1
3 13 9 13  1
4 0 4 6  1
4 0 6 3  1
4 0 3 0  1
4 1 4 5  1
4 1 5 1  1
4 2 4 6  1
4 2 6 2  1
4 3 4 6  1
4 3 6 3  1
4 5 4 6  1
4 5 6 5  1
4 6 4 6  1
4 7 4 6  1
4 7 6 3  1
4 7 3 7  1
4 8 4 6  1
4 8 6 2  1
4 8 2 8  1
4 9 4 6  1
4 9 6 10  1
4 9 10 12  1
4 9 12 9  1
4 10 4 6  1
4 10 6 10  1
4 11 4 6  1
4 11 6 10  1
4 11 10 11  1
4 12 4 6  1
4 12 6 10  1
4 12 10 12  1
4 13 4 6  1
4 13 6 10  1
4 13 10 12  1
4 13 12 13  1
5 0 5 4  1
5 0 4 0  1
5 1 5 4  1
5 1 4 0  1
5 1 0 1  1
5 2 5 6  1
5 2 6 2  1
5 3 5 6  1
5 3 6 3  1
5 4 5 6  1
5 4 6 4  1
5 6 5 6  1
5 7 5 6  1
5 7 6 3  1
5 7 3 7  1
5 8 5 6  1
5 8 6 2  1
5 8 2 8  1
5 9 5 6  1
5 9 6 10  1
5 9 10 12  1
5 9 12 9  1
5 10 5 6  1
5 10 6 10  1
5 11 5 6  1
5 11 6 10  1
5 11 10 11  1
5 12 5 6  1
5 12 6 10  1
5 12 10 12  1
5 13 5 6  1
5 13 6 10  1
5 13 10 12  1
5 13 12 13  1
6 0 6 4  1
6 0 4 0  1
6 1 6 5  1
6 1 5 1  1
6 2 6 5  1
6 2 5 1  1
6 2 1 2  1
6 3 6 4  1
6 3 4 0  1
6 3 0 3  1
6 4 6 5  1
6 4 5 4  1
6 5 6 5  1
6 7 6 3  1
6 7 3 7  1
6 8 6 3  1
6 8 3 7  1
6 8 7 8  1
6 9 6 10  1
6 9 10 12  1
6 9 12 9  1
6 10 6 10  1
6 11 6 10  1
6 11 10 11  1
6 12 6 10  1
6 12 10 12  1
6 13 6 10  1
6 13 10 12  1
6 13 12 13  1
7 0 7 8  1
7 0 8 1  1
7 0 1 0  1
7 1 7 8  1
7 1 8 1  1
7 2 7 8  1
7 2 8 2  1
7 3 7 8  1
7 3 8 1  1
7 3 1 0  1
7 3 0 3  1
7 4 7 8  1
7 4 8 2  1
7 4 2 6  1
7 4 6 4  1
7 5 7 8  1
7 5 8 1  1
7 5 1 5  1
7 6 7 8  1
7 6 8 2  1
7 6 2 6  1
7 8 7 8  1
7 9 7 9  1
7 10 7 9  1
7 10 9 12  1
7 10 12 10  1
7 11 7 9  1
7 11 9 13  1
7 11 13 11  1
7 12 7 9  1
7 12 9 12  1
7 13 7 9  1
7 13 9 13  1
8 0 8 7  1
8 0 7 3  1
8 0 3 0  1
8 1 8 2  1
8 1 2 1  1
8 2 8 2  1
8 3 8 7  1
8 3 7 3  1
8 4 8 2  1
8 4 2 6  1
8 4 6 4  1
8 5 8 2  1
8 5 2 6  1
8 5 6 5  1
8 6 8 2  1
8 6 2 6  1
8 7 8 7  1
8 9 8 11  1
8 9 11 13  1
8 9 13 9  1
8 10 8 11  1
8 10 11 10  1
8 11 8 11  1
8 12 8 11  1
8 12 11 10  1
8 12 10 12  1
8 13 8 11  1
8 13 11 13  1
9 0 9 13  1
9 0 13 11  1
9 0 11 8  1
9 0 8 1  1
9 0 1 0  1
9 1 9 13  1
9 1 13 11  1
9 1 11 8  1
9 1 8 1  1
9 2 9 12  1
9 2 12 10  1
9 2 10 6  1
9 2 6 2  1
9 3 9 12  1
9 3 12 10  1
9 3 10 6  1
9 3 6 3  1
9 4 9 12  1
9 4 12 10  1
9 4 10 6  1
9 4 6 4  1
9 5 9 12  1
9 5 12 10  1
9 5 10 6  1
9 5 6 5  1
9 6 9 12  1
9 6 12 10  1
9 6 10 6  1
9 7 9 13  1
9 7 13 11  1
9 7 11 8  1
9 7 8 7  1
9 8 9 13  1
9 8 13 11  1
9 8 11 8  1
9 10 9 13  1
9 10 13 11  1
9 10 11 10  1
9 11 9 13  1
9 11 13 11  1
9 12 9 13  1
9 12 13 12  1
9 13 9 13  1
10 0 10 11  1
10 0 11 8  1
10 0 8 1  1
10 0 1 0  1
10 1 10 11  1
10 1 11 8  1
10 1 8 1  1
10 2 10 11  1
10 2 11 8  1
10 2 8 2  1
10 3 10 12  1
10 3 12 9  1
10 3 9 7  1
10 3 7 3  1
10 4 10 11  1
10 4 11 8  1
10 4 8 1  1
10 4 1 0  1
10 4 0 4  1
10 5 10 11  1
10 5 11 8  1
10 5 8 1  1
10 5 1 5  1
10 6 10 11  1
10 6 11 8  1
10 6 8 2  1
10 6 2 6  1
10 7 10 12  1
10 7 12 9  1
10 7 9 7  1
10 8 10 11  1
10 8 11 8  1
10 9 10 12  1
10 9 12 9  1
10 11 10 12  1
10 11 12 13  1
10 11 13 11  1
10 12 10 12  1
10 13 10 12  1
10 13 12 13  1
11 0 11 10  1
11 0 10 6  1
11 0 6 4  1
11 0 4 0  1
11 1 11 10  1
11 1 10 6  1
11 1 6 5  1
11 1 5 1  1
11 2 11 10  1
11 2 10 6  1
11 2 6 2  1
11 3 11 10  1
11 3 10 6  1
11 3 6 3  1
11 4 11 10  1
11 4 10 6  1
11 4 6 4  1
11 5 11 10  1
11 5 10 6  1
11 5 6 5  1
11 6 11 10  1
11 6 10 6  1
11 7 11 13  1
11 7 13 9  1
11 7 9 7  1
11 8 11 13  1
11 8 13 9  1
11 8 9 7  1
11 8 7 8  1
11 9 11 13  1
11 9 13 9  1
11 10 11 13  1
11 10 13 12  1
11 10 12 10  1
11 12 11 13  1
11 12 13 12  1
11 13 11 13  1
12 0 12 10  1
12 0 10 6  1
12 0 6 4  1
12 0 4 0  1
12 1 12 13  1
12 1 13 11  1
12 1 11 8  1
12 1 8 1  1
12 2 12 13  1
12 2 13 11  1
12 2 11 8  1
12 2 8 2  1
12 3 12 10  1
12 3 10 6  1
12 3 6 3  1
12 4 12 10  1
12 4 10 6  1
12 4 6 4  1
12 5 12 10  1
12 5 10 6  1
12 5 6 5  1
12 6 12 10  1
12 6 10 6  1
12 7 12 13  1
12 7 13 11  1
12 7 11 8  1
12 7 8 7  1
12 8 12 13  1
12 8 13 11  1
12 8 11 8  1
12 9 12 13  1
12 9 13 9  1
12 10 12 13  1
12 10 13 11  1
12 10 11 10  1
12 11 12 13  1
12 11 13 11  1
12 13 12 13  1
13 0 13 11  1
13 0 11 8  1
13 0 8 1  1
13 0 1 0  1
13 1 13 11  1
13 1 11 8  1
13 1 8 1  1
13 2 13 12  1
13 2 12 10  1
13 2 10 6  1
13 2 6 2  1
13 3 13 12  1
13 3 12 10  1
13 3 10 6  1
13 3 6 3  1
13 4 13 12  1
13 4 12 10  1
13 4 10 6  1
13 4 6 4  1
13 5 13 12  1
13 5 12 10  1
13 5 10 6  1
13 5 6 5  1
13 6 13 12  1
13 6 12 10  1
13 6 10 6  1
13 7 13 11  1
13 7 11 8  1
13 7 8 7  1
13 8 13 11  1
13 8 11 8  1
13 9 13 12  1
13 9 12 9  1
13 10 13 12  1
13 10 12 10  1
13 11 13 12  1
13 11 12 10  1
13 11 10 11  1
;