f :=
0 1 0 1  1
0 2 0 1  1
0 2 1 2  1
0 3 0 1  1
0 3 1 3  1
0 4 0 1  1
0 4 1 4  1
0 5 0 1  1
0 5 1 3  1
0 5 3 5  1
0 6 0 1  1
0 6 1 3  1
0 6 3 5  1
0 6 5 6  1
0 7 0 1  1
0 7 1 3  1
0 7 3 5  1
0 7 5 7  1
0 8 0 1  1
0 8 1 3  1
0 8 3 5  1
0 8 5 7  1
0 8 7 9  1
0 8 9 8  1
0 9 0 1  1
0 9 1 3  1
0 9 3 5  1
0 9 5 7  1
0 9 7 9  1
0 10 0 1  1
0 10 1 3  1
0 10 3 5  1
0 10 5 7  1
0 10 7 10  1
0 11 0 1  1
0 11 1 3  1
0 11 3 5  1
0 11 5 7  1
0 11 7 10  1
0 11 10 14  1
0 11 14 13  1
0 11 13 12  1
0 11 12 11  1
0 12 0 1  1
0 12 1 3  1
0 12 3 5  1
0 12 5 7  1
0 12 7 10  1
0 12 10 14  1
0 12 14 13  1
0 12 13 12  1
0 13 0 1  1
0 13 1 3  1
0 13 3 5  1
0 13 5 7  1
0 13 7 10  1
0 13 10 14  1
0 13 14 13  1
0 14 0 1  1
0 14 1 3  1
0 14 3 5  1
0 14 5 7  1
0 14 7 10  1
0 14 10 14  1
0 15 0 1  1
0 15 1 3  1
0 15 3 5  1
0 15 5 7  1
0 15 7 10  1
0 15 10 14  1
0 15 14 13  1
0 15 13 15  1
0 16 0 1  1
0 16 1 3  1
0 16 3 5  1
0 16 5 7  1
0 16 7 10  1
0 16 10 14  1
0 16 14 18  1
0 16 18 16  1
0 17 0 1  1
0 17 1 3  1
0 17 3 5  1
0 17 5 7  1
0 17 7 10  1
0 17 10 14  1
0 17 14 18  1
0 17 18 17  1
0 18 0 1  1
0 18 1 3  1
0 18 3 5  1
0 18 5 7  1
0 18 7 10  1
0 18 10 14  1
0 18 14 18  1
0 19 0 1  1
0 19 1 3  1
0 19 3 5  1
0 19 5 7  1
0 19 7 10  1
0 19 10 14  1
0 19 14 18  1
0 19 18 17  1
0 19 17 19  1
0 20 0 1  1
0 20 1 3  1
0 20 3 5  1
0 20 5 7  1
0 20 7 10  1
0 20 10 14  1
0 20 14 18  1
0 20 18 20  1
0 21 0 1  1
0 21 1 3  1
0 21 3 5  1
0 21 5 7  1
0 21 7 10  1
0 21 10 14  1
0 21 14 18  1
0 21 18 16  1
0 21 16 21  1
0 22 0 1  1
0 22 1 3  1
0 22 3 5  1
0 22 5 7  1
0 22 7 10  1
0 22 10 14  1
0 22 14 18  1
0 22 18 17  1
0 22 17 22  1
0 23 0 1  1
0 23 1 3  1
0 23 3 5  1
0 23 5 7  1
0 23 7 10  1
0 23 10 14  1
0 23 14 18  1
0 23 18 17  1
0 23 17 22  1
0 23 22 23  1
0 24 0 1  1
0 24 1 3  1
0 24 3 5  1
0 24 5 7  1
0 24 7 10  1
0 24 10 14  1
0 24 14 18  1
0 24 18 20  1
0 24 20 19  1
0 24 19 23  1
0 24 23 24  1
1 0 1 0  1
1 2 1 2  1
1 3 1 3  1
1 4 1 2  1
1 4 2 4  1
1 5 1 3  1
1 5 3 5  1
1 6 1 3  1
1 6 3 5  1
1 6 5 6  1
1 7 1 3  1
1 7 3 5  1
1 7 5 7  1
1 8 1 3  1
1 8 3 5  1
1 8 5 7  1
1 8 7 9  1
1 8 9 8  1
1 9 1 3  1
1 9 3 5  1
1 9 5 7  1
1 9 7 9  1
1 10 1 3  1
1 10 3 5  1
1 10 5 7  1
1 10 7 10  1
1 11 1 3  1
1 11 3 5  1
1 11 5 7  1
1 11 7 10  1
1 11 10 14  1
1 11 14 13  1
1 11 13 12  1
1 11 12 11  1
1 12 1 3  1
1 12 3 5  1
1 12 5 7  1
1 12 7 10  1
1 12 10 14  1
1 12 14 13  1
1 12 13 12  1
1 13 1 3  1
1 13 3 5  1
1 13 5 7  1
1 13 7 10  1
1 13 10 14  1
1 13 14 13  1
1 14 1 3  1
1 14 3 5  1
1 14 5 7  1
1 14 7 10  1
1 14 10 14  1
1 15 1 3  1
1 15 3 5  1
1 15 5 7  1
1 15 7 10  1
1 15 10 14  1
1 15 14 13  1
1 15 13 15  1
1 16 1 3  1
1 16 3 5  1
1 16 5 7  1
1 16 7 10  1
1 16 10 14  1
1 16 14 18  1
1 16 18 16  1
1 17 1 3  1
1 17 3 5  1
1 17 5 7  1
1 17 7 10  1
1 17 10 14  1
1 17 14 18  1
1 17 18 17  1
1 18 1 3  1
1 18 3 5  1
1 18 5 7  1
1 18 7 10  1
1 18 10 14  1
1 18 14 18  1
1 19 1 3  1
1 19 3 5  1
1 19 5 7  1
1 19 7 10  1
1 19 10 14  1
1 19 14 18  1
1 19 18 17  1
1 19 17 19  1
1 20 1 3  1
1 20 3 5  1
1 20 5 7  1
1 20 7 10  1
1 20 10 14  1
1 20 14 18  1
1 20 18 20  1
1 21 1 3  1
1 21 3 5  1
1 21 5 7  1
1 21 7 10  1
1 21 10 14  1
1 21 14 18  1
1 21 18 16  1
1 21 16 21  1
1 22 1 3  1
1 22 3 5  1
1 22 5 7  1
1 22 7 10  1
1 22 10 14  1
1 22 14 18  1
1 22 18 16  1
1 22 16 22  1
1 23 1 3  1
1 23 3 5  1
1 23 5 7  1
1 23 7 10  1
1 23 10 14  1
1 23 14 18  1
1 23 18 16  1
1 23 16 22  1
1 23 22 23  1
1 24 1 3  1
1 24 3 5  1
1 24 5 7  1
1 24 7 10  1
1 24 10 14  1
1 24 14 18  1
1 24 18 20  1
1 24 20 19  1
1 24 19 23  1
1 24 23 24  1
2 0 2 0  1
2 1 2 1  1
2 3 2 1  1
2 3 1 3  1
2 4 2 1  1
2 4 1 4  1
2 5 2 1  1
2 5 1 3  1
2 5 3 5  1
2 6 2 1  1
2 6 1 3  1
2 6 3 5  1
2 6 5 6  1
2 7 2 1  1
2 7 1 3  1
2 7 3 5  1
2 7 5 7  1
2 8 2 1  1
2 8 1 3  1
2 8 3 5  1
2 8 5 7  1
2 8 7 9  1
2 8 9 8  1
2 9 2 1  1
2 9 1 3  1
2 9 3 5  1
2 9 5 7  1
2 9 7 9  1
2 10 2 1  1
2 10 1 3  1
2 10 3 5  1
2 10 5 7  1
2 10 7 10  1
2 11 2 1  1
2 11 1 3  1
2 11 3 5  1
2 11 5 7  1
2 11 7 10  1
2 11 10 14  1
2 11 14 13  1
2 11 13 12  1
2 11 12 11  1
2 12 2 1  1
2 12 1 3  1
2 12 3 5  1
2 12 5 7  1
2 12 7 10  1
2 12 10 14  1
2 12 14 13  1
2 12 13 12  1
2 13 2 1  1
2 13 1 3  1
2 13 3 5  1
2 13 5 7  1
2 13 7 10  1
2 13 10 14  1
2 13 14 13  1
2 14 2 1  1
2 14 1 3  1
2 14 3 5  1
2 14 5 7  1
2 14 7 10  1
2 14 10 14  1
2 15 2 1  1
2 15 1 3  1
2 15 3 5  1
2 15 5 7  1
2 15 7 10  1
2 15 10 14  1
2 15 14 13  1
2 15 13 15  1
2 16 2 1  1
2 16 1 3  1
2 16 3 5  1
2 16 5 7  1
2 16 7 10  1
2 16 10 14  1
2 16 14 18  1
2 16 18 16  1
2 17 2 1  1
2 17 1 3  1
2 17 3 5  1
2 17 5 7  1
2 17 7 10  1
2 17 10 14  1
2 17 14 18  1
2 17 18 17  1
2 18 2 1  1
2 18 1 3  1
2 18 3 5  1
2 18 5 7  1
2 18 7 10  1
2 18 10 14  1
2 18 14 18  1
2 19 2 1  1
2 19 1 3  1
2 19 3 5  1
2 19 5 7  1
2 19 7 10  1
2 19 10 14  1
2 19 14 18  1
2 19 18 17  1
2 19 17 19  1
2 20 2 1  1
2 20 1 3  1
2 20 3 5  1
2 20 5 7  1
2 20 7 10  1
2 20 10 14  1
2 20 14 18  1
2 20 18 20  1
2 21 2 1  1
2 21 1 3  1
2 21 3 5  1
2 21 5 7  1
2 21 7 10  1
2 21 10 14  1
2 21 14 18  1
2 21 18 16  1
2 21 16 21  1
2 22 2 1  1
2 22 1 3  1
2 22 3 5  1
2 22 5 7  1
2 22 7 10  1
2 22 10 14  1
2 22 14 18  1
2 22 18 16  1
2 22 16 22  1
2 23 2 1  1
2 23 1 3  1
2 23 3 5  1
2 23 5 7  1
2 23 7 10  1
2 23 10 14  1
2 23 14 18  1
2 23 18 20  1
2 23 20 19  1
2 23 19 23  1
2 24 2 1  1
2 24 1 3  1
2 24 3 5  1
2 24 5 7  1
2 24 7 10  1
2 24 10 14  1
2 24 14 18  1
2 24 18 20  1
2 24 20 19  1
2 24 19 23  1
2 24 23 24  1
3 0 3 1  1
3 0 1 0  1
3 1 3 1  1
3 2 3 1  1
3 2 1 2  1
3 4 3 1  1
3 4 1 4  1
3 5 3 4  1
3 5 4 6  1
3 5 6 5  1
3 6 3 4  1
3 6 4 6  1
3 7 3 4  1
3 7 4 6  1
3 7 6 7  1
3 8 3 4  1
3 8 4 6  1
3 8 6 8  1
3 9 3 4  1
3 9 4 6  1
3 9 6 8  1
3 9 8 9  1
3 10 3 4  1
3 10 4 6  1
3 10 6 8  1
3 10 8 14  1
3 10 14 10  1
3 11 3 4  1
3 11 4 6  1
3 11 6 8  1
3 11 8 11  1
3 12 3 4  1
3 12 4 6  1
3 12 6 8  1
3 12 8 11  1
3 12 11 12  1
3 13 3 4  1
3 13 4 6  1
3 13 6 8  1
3 13 8 11  1
3 13 11 12  1
3 13 12 13  1
3 14 3 4  1
3 14 4 6  1
3 14 6 8  1
3 14 8 14  1
3 15 3 4  1
3 15 4 6  1
3 15 6 8  1
3 15 8 11  1
3 15 11 12  1
3 15 12 15  1
3 16 3 4  1
3 16 4 6  1
3 16 6 8  1
3 16 8 11  1
3 16 11 12  1
3 16 12 15  1
3 16 15 16  1
3 17 3 4  1
3 17 4 6  1
3 17 6 8  1
3 17 8 14  1
3 17 14 18  1
3 17 18 17  1
3 18 3 4  1
3 18 4 6  1
3 18 6 8  1
3 18 8 14  1
3 18 14 18  1
3 19 3 4  1
3 19 4 6  1
3 19 6 8  1
3 19 8 14  1
3 19 14 18  1
3 19 18 17  1
3 19 17 19  1
3 20 3 4  1
3 20 4 6  1
3 20 6 8  1
3 20 8 14  1
3 20 14 18  1
3 20 18 20  1
3 21 3 4  1
3 21 4 6  1
3 21 6 8  1
3 21 8 11  1
3 21 11 12  1
3 21 12 15  1
3 21 15 21  1
3 22 3 4  1
3 22 4 6  1
3 22 6 8  1
3 22 8 14  1
3 22 14 18  1
3 22 18 17  1
3 22 17 22  1
3 23 3 4  1
3 23 4 6  1
3 23 6 8  1
3 23 8 14  1
3 23 14 18  1
3 23 18 20  1
3 23 20 19  1
3 23 19 23  1
3 24 3 4  1
3 24 4 6  1
3 24 6 8  1
3 24 8 14  1
3 24 14 18  1
3 24 18 20  1
3 24 20 19  1
3 24 19 23  1
3 24 23 24  1
4 0 4 1  1
4 0 1 0  1
4 1 4 1  1
4 2 4 1  1
4 2 1 2  1
4 3 4 1  1
4 3 1 3  1
4 5 4 3  1
4 5 3 5  1
4 6 4 3  1
4 6 3 5  1
4 6 5 6  1
4 7 4 3  1
4 7 3 5  1
4 7 5 7  1
4 8 4 3  1
4 8 3 5  1
4 8 5 7  1
4 8 7 9  1
4 8 9 8  1
4 9 4 3  1
4 9 3 5  1
4 9 5 7  1
4 9 7 9  1
4 10 4 3  1
4 10 3 5  1
4 10 5 7  1
4 10 7 10  1
4 11 4 3  1
4 11 3 5  1
4 11 5 7  1
4 11 7 10  1
4 11 10 14  1
4 11 14 13  1
4 11 13 12  1
4 11 12 11  1
4 12 4 3  1
4 12 3 5  1
4 12 5 7  1
4 12 7 10  1
4 12 10 14  1
4 12 14 13  1
4 12 13 12  1
4 13 4 3  1
4 13 3 5  1
4 13 5 7  1
4 13 7 10  1
4 13 10 14  1
4 13 14 13  1
4 14 4 3  1
4 14 3 5  1
4 14 5 7  1
4 14 7 10  1
4 14 10 14  1
4 15 4 3  1
4 15 3 5  1
4 15 5 7  1
4 15 7 10  1
4 15 10 14  1
4 15 14 13  1
4 15 13 15  1
4 16 4 3  1
4 16 3 5  1
4 16 5 7  1
4 16 7 10  1
4 16 10 14  1
4 16 14 18  1
4 16 18 16  1
4 17 4 3  1
4 17 3 5  1
4 17 5 7  1
4 17 7 10  1
4 17 10 14  1
4 17 14 18  1
4 17 18 17  1
4 18 4 3  1
4 18 3 5  1
4 18 5 7  1
4 18 7 10  1
4 18 10 14  1
4 18 14 18  1
4 19 4 3  1
4 19 3 5  1
4 19 5 7  1
4 19 7 10  1
4 19 10 14  1
4 19 14 18  1
4 19 18 17  1
4 19 17 19  1
4 20 4 3  1
4 20 3 5  1
4 20 5 7  1
4 20 7 10  1
4 20 10 14  1
4 20 14 18  1
4 20 18 20  1
4 21 4 3  1
4 21 3 5  1
4 21 5 7  1
4 21 7 10  1
4 21 10 14  1
4 21 14 18  1
4 21 18 16  1
4 21 16 21  1
4 22 4 3  1
4 22 3 5  1
4 22 5 7  1
4 22 7 10  1
4 22 10 14  1
4 22 14 18  1
4 22 18 16  1
4 22 16 22  1
4 23 4 3  1
4 23 3 5  1
4 23 5 7  1
4 23 7 10  1
4 23 10 14  1
4 23 14 18  1
4 23 18 20  1
4 23 20 19  1
4 23 19 23  1
4 24 4 3  1
4 24 3 5  1
4 24 5 7  1
4 24 7 10  1
4 24 10 14  1
4 24 14 18  1
4 24 18 20  1
4 24 20 19  1
4 24 19 23  1
4 24 23 24  1
5 0 5 3  1
5 0 3 1  1
5 0 1 0  1
5 1 5 3  1
5 1 3 1  1
5 2 5 3  1
5 2 3 1  1
5 2 1 2  1
5 3 5 3  1
5 4 5 3  1
5 4 3 4  1
5 6 5 6  1
5 7 5 6  1
5 7 6 7  1
5 8 5 6  1
5 8 6 8  1
5 9 5 6  1
5 9 6 8  1
5 9 8 9  1
5 10 5 6  1
5 10 6 8  1
5 10 8 14  1
5 10 14 10  1
5 11 5 6  1
5 11 6 8  1
5 11 8 11  1
5 12 5 6  1
5 12 6 8  1
5 12 8 11  1
5 12 11 12  1
5 13 5 6  1
5 13 6 8  1
5 13 8 11  1
5 13 11 12  1
5 13 12 13  1
5 14 5 6  1
5 14 6 8  1
5 14 8 14  1
5 15 5 6  1
5 15 6 8  1
5 15 8 11  1
5 15 11 12  1
5 15 12 15  1
5 16 5 6  1
5 16 6 8  1
5 16 8 14  1
5 16 14 13  1
5 16 13 15  1
5 16 15 16  1
5 17 5 6  1
5 17 6 8  1
5 17 8 14  1
5 17 14 18  1
5 17 18 17  1
5 18 5 6  1
5 18 6 8  1
5 18 8 14  1
5 18 14 18  1
5 19 5 6  1
5 19 6 8  1
5 19 8 14  1
5 19 14 18  1
5 19 18 17  1
5 19 17 19  1
5 20 5 6  1
5 20 6 8  1
5 20 8 14  1
5 20 14 18  1
5 20 18 20  1
5 21 5 6  1
5 21 6 8  1
5 21 8 11  1
5 21 11 12  1
5 21 12 15  1
5 21 15 21  1
5 22 5 6  1
5 22 6 8  1
5 22 8 14  1
5 22 14 18  1
5 22 18 17  1
5 22 17 22  1
5 23 5 6  1
5 23 6 8  1
5 23 8 14  1
5 23 14 18  1
5 23 18 20  1
5 23 20 19  1
5 23 19 23  1
5 24 5 6  1
5 24 6 8  1
5 24 8 14  1
5 24 14 18  1
5 24 18 17  1
5 24 17 22  1
5 24 22 23  1
5 24 23 24  1
6 0 6 4  1
6 0 4 2  1
6 0 2 0  1
6 1 6 4  1
6 1 4 1  1
6 2 6 4  1
6 2 4 2  1
6 3 6 4  1
6 3 4 3  1
6 4 6 4  1
6 5 6 5  1
6 7 6 5  1
6 7 5 7  1
6 8 6 7  1
6 8 7 9  1
6 8 9 8  1
6 9 6 7  1
6 9 7 9  1
6 10 6 7  1
6 10 7 10  1
6 11 6 7  1
6 11 7 10  1
6 11 10 14  1
6 11 14 13  1
6 11 13 12  1
6 11 12 11  1
6 12 6 7  1
6 12 7 10  1
6 12 10 14  1
6 12 14 13  1
6 12 13 12  1
6 13 6 7  1
6 13 7 10  1
6 13 10 14  1
6 13 14 13  1
6 14 6 7  1
6 14 7 10  1
6 14 10 14  1
6 15 6 7  1
6 15 7 10  1
6 15 10 14  1
6 15 14 13  1
6 15 13 15  1
6 16 6 7  1
6 16 7 10  1
6 16 10 14  1
6 16 14 18  1
6 16 18 16  1
6 17 6 7  1
6 17 7 10  1
6 17 10 14  1
6 17 14 18  1
6 17 18 17  1
6 18 6 7  1
6 18 7 10  1
6 18 10 14  1
6 18 14 18  1
6 19 6 7  1
6 19 7 10  1
6 19 10 14  1
6 19 14 18  1
6 19 18 17  1
6 19 17 19  1
6 20 6 7  1
6 20 7 10  1
6 20 10 14  1
6 20 14 18  1
6 20 18 20  1
6 21 6 7  1
6 21 7 10  1
6 21 10 14  1
6 21 14 18  1
6 21 18 16  1
6 21 16 21  1
6 22 6 7  1
6 22 7 10  1
6 22 10 14  1
6 22 14 18  1
6 22 18 16  1
6 22 16 22  1
6 23 6 7  1
6 23 7 10  1
6 23 10 14  1
6 23 14 18  1
6 23 18 20  1
6 23 20 19  1
6 23 19 23  1
6 24 6 7  1
6 24 7 10  1
6 24 10 14  1
6 24 14 18  1
6 24 18 20  1
6 24 20 19  1
6 24 19 23  1
6 24 23 24  1
7 0 7 5  1
7 0 5 3  1
7 0 3 1  1
7 0 1 0  1
7 1 7 5  1
7 1 5 3  1
7 1 3 1  1
7 2 7 5  1
7 2 5 3  1
7 2 3 1  1
7 2 1 2  1
7 3 7 5  1
7 3 5 3  1
7 4 7 5  1
7 4 5 3  1
7 4 3 4  1
7 5 7 5  1
7 6 7 5  1
7 6 5 6  1
7 8 7 6  1
7 8 6 8  1
7 9 7 6  1
7 9 6 8  1
7 9 8 9  1
7 10 7 6  1
7 10 6 8  1
7 10 8 14  1
7 10 14 10  1
7 11 7 9  1
7 11 9 8  1
7 11 8 11  1
7 12 7 9  1
7 12 9 8  1
7 12 8 11  1
7 12 11 12  1
7 13 7 9  1
7 13 9 8  1
7 13 8 11  1
7 13 11 12  1
7 13 12 13  1
7 14 7 9  1
7 14 9 8  1
7 14 8 14  1
7 15 7 9  1
7 15 9 8  1
7 15 8 11  1
7 15 11 12  1
7 15 12 15  1
7 16 7 9  1
7 16 9 8  1
7 16 8 11  1
7 16 11 12  1
7 16 12 15  1
7 16 15 16  1
7 17 7 6  1
7 17 6 8  1
7 17 8 14  1
7 17 14 18  1
7 17 18 17  1
7 18 7 9  1
7 18 9 8  1
7 18 8 14  1
7 18 14 18  1
7 19 7 6  1
7 19 6 8  1
7 19 8 14  1
7 19 14 18  1
7 19 18 17  1
7 19 17 19  1
7 20 7 6  1
7 20 6 8  1
7 20 8 14  1
7 20 14 18  1
7 20 18 20  1
7 21 7 6  1
7 21 6 8  1
7 21 8 11  1
7 21 11 12  1
7 21 12 15  1
7 21 15 21  1
7 22 7 6  1
7 22 6 8  1
7 22 8 14  1
7 22 14 18  1
7 22 18 17  1
7 22 17 22  1
7 23 7 9  1
7 23 9 8  1
7 23 8 14  1
7 23 14 18  1
7 23 18 20  1
7 23 20 19  1
7 23 19 23  1
7 24 7 6  1
7 24 6 8  1
7 24 8 14  1
7 24 14 18  1
7 24 18 20  1
7 24 20 19  1
7 24 19 23  1
7 24 23 24  1
8 0 8 6  1
8 0 6 4  1
8 0 4 2  1
8 0 2 0  1
8 1 8 6  1
8 1 6 4  1
8 1 4 1  1
8 2 8 6  1
8 2 6 4  1
8 2 4 2  1
8 3 8 6  1
8 3 6 4  1
8 3 4 3  1
8 4 8 6  1
8 4 6 4  1
8 5 8 6  1
8 5 6 5  1
8 6 8 6  1
8 7 8 6  1
8 7 6 7  1
8 9 8 6  1
8 9 6 7  1
8 9 7 9  1
8 10 8 9  1
8 10 9 7  1
8 10 7 10  1
8 11 8 11  1
8 12 8 11  1
8 12 11 12  1
8 13 8 11  1
8 13 11 12  1
8 13 12 13  1
8 14 8 11  1
8 14 11 12  1
8 14 12 13  1
8 14 13 14  1
8 15 8 11  1
8 15 11 12  1
8 15 12 15  1
8 16 8 11  1
8 16 11 12  1
8 16 12 15  1
8 16 15 16  1
8 17 8 11  1
8 17 11 12  1
8 17 12 15  1
8 17 15 16  1
8 17 16 17  1
8 18 8 11  1
8 18 11 12  1
8 18 12 15  1
8 18 15 16  1
8 18 16 18  1
8 19 8 11  1
8 19 11 12  1
8 19 12 15  1
8 19 15 16  1
8 19 16 17  1
8 19 17 19  1
8 20 8 11  1
8 20 11 12  1
8 20 12 13  1
8 20 13 14  1
8 20 14 18  1
8 20 18 20  1
8 21 8 11  1
8 21 11 12  1
8 21 12 15  1
8 21 15 21  1
8 22 8 11  1
8 22 11 12  1
8 22 12 15  1
8 22 15 21  1
8 22 21 22  1
8 23 8 11  1
8 23 11 12  1
8 23 12 15  1
8 23 15 21  1
8 23 21 22  1
8 23 22 23  1
8 24 8 11  1
8 24 11 12  1
8 24 12 15  1
8 24 15 16  1
8 24 16 22  1
8 24 22 23  1
8 24 23 24  1
9 0 9 7  1
9 0 7 5  1
9 0 5 3  1
9 0 3 1  1
9 0 1 0  1
9 1 9 7  1
9 1 7 5  1
9 1 5 3  1
9 1 3 1  1
9 2 9 7  1
9 2 7 5  1
9 2 5 3  1
9 2 3 1  1
9 2 1 2  1
9 3 9 7  1
9 3 7 5  1
9 3 5 3  1
9 4 9 7  1
9 4 7 5  1
9 4 5 3  1
9 4 3 4  1
9 5 9 7  1
9 5 7 5  1
9 6 9 7  1
9 6 7 6  1
9 7 9 7  1
9 8 9 7  1
9 8 7 6  1
9 8 6 8  1
9 10 9 7  1
9 10 7 10  1
9 11 9 7  1
9 11 7 10  1
9 11 10 14  1
9 11 14 13  1
9 11 13 12  1
9 11 12 11  1
9 12 9 7  1
9 12 7 10  1
9 12 10 14  1
9 12 14 13  1
9 12 13 12  1
9 13 9 7  1
9 13 7 10  1
9 13 10 14  1
9 13 14 13  1
9 14 9 7  1
9 14 7 10  1
9 14 10 14  1
9 15 9 7  1
9 15 7 10  1
9 15 10 14  1
9 15 14 13  1
9 15 13 15  1
9 16 9 7  1
9 16 7 10  1
9 16 10 14  1
9 16 14 18  1
9 16 18 16  1
9 17 9 7  1
9 17 7 10  1
9 17 10 14  1
9 17 14 18  1
9 17 18 17  1
9 18 9 7  1
9 18 7 10  1
9 18 10 14  1
9 18 14 18  1
9 19 9 7  1
9 19 7 10  1
9 19 10 14  1
9 19 14 18  1
9 19 18 17  1
9 19 17 19  1
9 20 9 7  1
9 20 7 10  1
9 20 10 14  1
9 20 14 18  1
9 20 18 20  1
9 21 9 7  1
9 21 7 10  1
9 21 10 14  1
9 21 14 18  1
9 21 18 16  1
9 21 16 21  1
9 22 9 7  1
9 22 7 10  1
9 22 10 14  1
9 22 14 18  1
9 22 18 16  1
9 22 16 22  1
9 23 9 7  1
9 23 7 10  1
9 23 10 14  1
9 23 14 18  1
9 23 18 20  1
9 23 20 19  1
9 23 19 23  1
9 24 9 7  1
9 24 7 10  1
9 24 10 14  1
9 24 14 18  1
9 24 18 17  1
9 24 17 22  1
9 24 22 23  1
9 24 23 24  1
10 0 10 7  1
10 0 7 5  1
10 0 5 3  1
10 0 3 1  1
10 0 1 0  1
10 1 10 7  1
10 1 7 5  1
10 1 5 3  1
10 1 3 1  1
10 2 10 7  1
10 2 7 5  1
10 2 5 3  1
10 2 3 1  1
10 2 1 2  1
10 3 10 7  1
10 3 7 5  1
10 3 5 3  1
10 4 10 7  1
10 4 7 5  1
10 4 5 3  1
10 4 3 4  1
10 5 10 7  1
10 5 7 5  1
10 6 10 7  1
10 6 7 6  1
10 7 10 7  1
10 8 10 7  1
10 8 7 6  1
10 8 6 8  1
10 9 10 7  1
10 9 7 9  1
10 11 10 7  1
10 11 7 6  1
10 11 6 8  1
10 11 8 11  1
10 12 10 7  1
10 12 7 6  1
10 12 6 8  1
10 12 8 11  1
10 12 11 12  1
10 13 10 7  1
10 13 7 9  1
10 13 9 8  1
10 13 8 11  1
10 13 11 12  1
10 13 12 13  1
10 14 10 7  1
10 14 7 6  1
10 14 6 8  1
10 14 8 14  1
10 15 10 7  1
10 15 7 6  1
10 15 6 8  1
10 15 8 11  1
10 15 11 12  1
10 15 12 15  1
10 16 10 7  1
10 16 7 9  1
10 16 9 8  1
10 16 8 11  1
10 16 11 12  1
10 16 12 15  1
10 16 15 16  1
10 17 10 7  1
10 17 7 6  1
10 17 6 8  1
10 17 8 14  1
10 17 14 18  1
10 17 18 17  1
10 18 10 7  1
10 18 7 6  1
10 18 6 8  1
10 18 8 14  1
10 18 14 18  1
10 19 10 7  1
10 19 7 9  1
10 19 9 8  1
10 19 8 14  1
10 19 14 18  1
10 19 18 17  1
10 19 17 19  1
10 20 10 7  1
10 20 7 6  1
10 20 6 8  1
10 20 8 14  1
10 20 14 18  1
10 20 18 20  1
10 21 10 7  1
10 21 7 6  1
10 21 6 8  1
10 21 8 11  1
10 21 11 12  1
10 21 12 15  1
10 21 15 21  1
10 22 10 7  1
10 22 7 6  1
10 22 6 8  1
10 22 8 14  1
10 22 14 18  1
10 22 18 16  1
10 22 16 22  1
10 23 10 7  1
10 23 7 6  1
10 23 6 8  1
10 23 8 14  1
10 23 14 18  1
10 23 18 20  1
10 23 20 19  1
10 23 19 23  1
10 24 10 7  1
10 24 7 6  1
10 24 6 8  1
10 24 8 14  1
10 24 14 18  1
10 24 18 20  1
10 24 20 19  1
10 24 19 23  1
10 24 23 24  1
11 0 11 8  1
11 0 8 6  1
11 0 6 4  1
11 0 4 2  1
11 0 2 0  1
11 1 11 8  1
11 1 8 6  1
11 1 6 4  1
11 1 4 1  1
11 2 11 8  1
11 2 8 6  1
11 2 6 4  1
11 2 4 2  1
11 3 11 8  1
11 3 8 6  1
11 3 6 4  1
11 3 4 3  1
11 4 11 8  1
11 4 8 6  1
11 4 6 4  1
11 5 11 8  1
11 5 8 6  1
11 5 6 5  1
11 6 11 8  1
11 6 8 6  1
11 7 11 8  1
11 7 8 9  1
11 7 9 7  1
11 8 11 8  1
11 9 11 8  1
11 9 8 9  1
11 10 11 8  1
11 10 8 9  1
11 10 9 7  1
11 10 7 10  1
11 12 11 8  1
11 12 8 14  1
11 12 14 13  1
11 12 13 12  1
11 13 11 8  1
11 13 8 14  1
11 13 14 13  1
11 14 11 8  1
11 14 8 14  1
11 15 11 8  1
11 15 8 14  1
11 15 14 13  1
11 15 13 15  1
11 16 11 8  1
11 16 8 14  1
11 16 14 18  1
11 16 18 16  1
11 17 11 8  1
11 17 8 14  1
11 17 14 18  1
11 17 18 17  1
11 18 11 8  1
11 18 8 14  1
11 18 14 18  1
11 19 11 8  1
11 19 8 14  1
11 19 14 20  1
11 19 20 19  1
11 20 11 8  1
11 20 8 14  1
11 20 14 20  1
11 21 11 8  1
11 21 8 14  1
11 21 14 18  1
11 21 18 16  1
11 21 16 21  1
11 22 11 8  1
11 22 8 14  1
11 22 14 18  1
11 22 18 16  1
11 22 16 22  1
11 23 11 8  1
11 23 8 14  1
11 23 14 20  1
11 23 20 19  1
11 23 19 23  1
11 24 11 8  1
11 24 8 14  1
11 24 14 20  1
11 24 20 24  1
12 0 12 11  1
12 0 11 8  1
12 0 8 6  1
12 0 6 4  1
12 0 4 2  1
12 0 2 0  1
12 1 12 11  1
12 1 11 8  1
12 1 8 6  1
12 1 6 4  1
12 1 4 1  1
12 2 12 11  1
12 2 11 8  1
12 2 8 6  1
12 2 6 4  1
12 2 4 2  1
12 3 12 11  1
12 3 11 8  1
12 3 8 6  1
12 3 6 4  1
12 3 4 3  1
12 4 12 11  1
12 4 11 8  1
12 4 8 6  1
12 4 6 4  1
12 5 12 11  1
12 5 11 8  1
12 5 8 6  1
12 5 6 5  1
12 6 12 11  1
12 6 11 8  1
12 6 8 6  1
12 7 12 11  1
12 7 11 8  1
12 7 8 9  1
12 7 9 7  1
12 8 12 11  1
12 8 11 8  1
12 9 12 11  1
12 9 11 8  1
12 9 8 9  1
12 10 12 11  1
12 10 11 8  1
12 10 8 9  1
12 10 9 7  1
12 10 7 10  1
12 11 12 11  1
12 13 12 13  1
12 14 12 11  1
12 14 11 8  1
12 14 8 14  1
12 15 12 13  1
12 15 13 15  1
12 16 12 13  1
12 16 13 14  1
12 16 14 18  1
12 16 18 16  1
12 17 12 13  1
12 17 13 14  1
12 17 14 18  1
12 17 18 17  1
12 18 12 13  1
12 18 13 14  1
12 18 14 18  1
12 19 12 13  1
12 19 13 14  1
12 19 14 20  1
12 19 20 19  1
12 20 12 13  1
12 20 13 14  1
12 20 14 20  1
12 21 12 13  1
12 21 13 15  1
12 21 15 16  1
12 21 16 21  1
12 22 12 13  1
12 22 13 15  1
12 22 15 16  1
12 22 16 22  1
12 23 12 13  1
12 23 13 14  1
12 23 14 20  1
12 23 20 19  1
12 23 19 23  1
12 24 12 13  1
12 24 13 14  1
12 24 14 20  1
12 24 20 24  1
13 0 13 12  1
13 0 12 11  1
13 0 11 8  1
13 0 8 6  1
13 0 6 4  1
13 0 4 2  1
13 0 2 0  1
13 1 13 12  1
13 1 12 11  1
13 1 11 8  1
13 1 8 6  1
13 1 6 4  1
13 1 4 1  1
13 2 13 12  1
13 2 12 11  1
13 2 11 8  1
13 2 8 6  1
13 2 6 4  1
13 2 4 2  1
13 3 13 12  1
13 3 12 11  1
13 3 11 8  1
13 3 8 6  1
13 3 6 4  1
13 3 4 3  1
13 4 13 12  1
13 4 12 11  1
13 4 11 8  1
13 4 8 6  1
13 4 6 4  1
13 5 13 12  1
13 5 12 11  1
13 5 11 8  1
13 5 8 6  1
13 5 6 5  1
13 6 13 12  1
13 6 12 11  1
13 6 11 8  1
13 6 8 6  1
13 7 13 12  1
13 7 12 11  1
13 7 11 8  1
13 7 8 9  1
13 7 9 7  1
13 8 13 12  1
13 8 12 11  1
13 8 11 8  1
13 9 13 12  1
13 9 12 11  1
13 9 11 8  1
13 9 8 9  1
13 10 13 12  1
13 10 12 11  1
13 10 11 8  1
13 10 8 9  1
13 10 9 7  1
13 10 7 10  1
13 11 13 12  1
13 11 12 11  1
13 12 13 12  1
13 14 13 14  1
13 15 13 12  1
13 15 12 15  1
13 16 13 14  1
13 16 14 18  1
13 16 18 16  1
13 17 13 14  1
13 17 14 18  1
13 17 18 17  1
13 18 13 14  1
13 18 14 18  1
13 19 13 14  1
13 19 14 20  1
13 19 20 19  1
13 20 13 14  1
13 20 14 20  1
13 21 13 12  1
13 21 12 15  1
13 21 15 16  1
13 21 16 21  1
13 22 13 12  1
13 22 12 15  1
13 22 15 16  1
13 22 16 22  1
13 23 13 14  1
13 23 14 20  1
13 23 20 19  1
13 23 19 23  1
13 24 13 14  1
13 24 14 20  1
13 24 20 24  1
14 0 14 8  1
14 0 8 6  1
14 0 6 4  1
14 0 4 2  1
14 0 2 0  1
14 1 14 8  1
14 1 8 6  1
14 1 6 4  1
14 1 4 1  1
14 2 14 8  1
14 2 8 6  1
14 2 6 4  1
14 2 4 2  1
14 3 14 8  1
14 3 8 6  1
14 3 6 4  1
14 3 4 3  1
14 4 14 8  1
14 4 8 6  1
14 4 6 4  1
14 5 14 8  1
14 5 8 6  1
14 5 6 5  1
14 6 14 8  1
14 6 8 6  1
14 7 14 8  1
14 7 8 9  1
14 7 9 7  1
14 8 14 8  1
14 9 14 8  1
14 9 8 9  1
14 10 14 8  1
14 10 8 9  1
14 10 9 7  1
14 10 7 10  1
14 11 14 8  1
14 11 8 11  1
14 12 14 8  1
14 12 8 11  1
14 12 11 12  1
14 13 14 8  1
14 13 8 11  1
14 13 11 12  1
14 13 12 13  1
14 15 14 13  1
14 15 13 15  1
14 16 14 13  1
14 16 13 15  1
14 16 15 16  1
14 17 14 18  1
14 17 18 17  1
14 18 14 18  1
14 19 14 18  1
14 19 18 17  1
14 19 17 19  1
14 20 14 18  1
14 20 18 20  1
14 21 14 13  1
14 21 13 15  1
14 21 15 21  1
14 22 14 18  1
14 22 18 16  1
14 22 16 22  1
14 23 14 18  1
14 23 18 20  1
14 23 20 19  1
14 23 19 23  1
14 24 14 18  1
14 24 18 20  1
14 24 20 19  1
14 24 19 23  1
14 24 23 24  1
15 0 15 12  1
15 0 12 11  1
15 0 11 8  1
15 0 8 6  1
15 0 6 4  1
15 0 4 2  1
15 0 2 0  1
15 1 15 12  1
15 1 12 11  1
15 1 11 8  1
15 1 8 6  1
15 1 6 4  1
15 1 4 1  1
15 2 15 12  1
15 2 12 11  1
15 2 11 8  1
15 2 8 6  1
15 2 6 4  1
15 2 4 2  1
15 3 15 12  1
15 3 12 11  1
15 3 11 8  1
15 3 8 6  1
15 3 6 4  1
15 3 4 3  1
15 4 15 12  1
15 4 12 11  1
15 4 11 8  1
15 4 8 6  1
15 4 6 4  1
15 5 15 12  1
15 5 12 11  1
15 5 11 8  1
15 5 8 6  1
15 5 6 5  1
15 6 15 12  1
15 6 12 11  1
15 6 11 8  1
15 6 8 6  1
15 7 15 12  1
15 7 12 11  1
15 7 11 8  1
15 7 8 9  1
15 7 9 7  1
15 8 15 12  1
15 8 12 11  1
15 8 11 8  1
15 9 15 12  1
15 9 12 11  1
15 9 11 8  1
15 9 8 9  1
15 10 15 12  1
15 10 12 11  1
15 10 11 8  1
15 10 8 9  1
15 10 9 7  1
15 10 7 10  1
15 11 15 12  1
15 11 12 11  1
15 12 15 12  1
15 13 15 12  1
15 13 12 13  1
15 14 15 13  1
15 14 13 14  1
15 16 15 16  1
15 17 15 16  1
15 17 16 17  1
15 18 15 13  1
15 18 13 14  1
15 18 14 18  1
15 19 15 13  1
15 19 13 14  1
15 19 14 20  1
15 19 20 19  1
15 20 15 13  1
15 20 13 14  1
15 20 14 20  1
15 21 15 16  1
15 21 16 21  1
15 22 15 16  1
15 22 16 22  1
15 23 15 16  1
15 23 16 17  1
15 23 17 19  1
15 23 19 23  1
15 24 15 13  1
15 24 13 14  1
15 24 14 20  1
15 24 20 24  1
16 0 16 15  1
16 0 15 13  1
16 0 13 14  1
16 0 14 8  1
16 0 8 6  1
16 0 6 4  1
16 0 4 2  1
16 0 2 0  1
16 1 16 15  1
16 1 15 13  1
16 1 13 14  1
16 1 14 8  1
16 1 8 6  1
16 1 6 4  1
16 1 4 1  1
16 2 16 15  1
16 2 15 13  1
16 2 13 14  1
16 2 14 8  1
16 2 8 6  1
16 2 6 4  1
16 2 4 2  1
16 3 16 15  1
16 3 15 13  1
16 3 13 14  1
16 3 14 8  1
16 3 8 6  1
16 3 6 4  1
16 3 4 3  1
16 4 16 15  1
16 4 15 13  1
16 4 13 14  1
16 4 14 8  1
16 4 8 6  1
16 4 6 4  1
16 5 16 15  1
16 5 15 13  1
16 5 13 14  1
16 5 14 8  1
16 5 8 6  1
16 5 6 5  1
16 6 16 15  1
16 6 15 13  1
16 6 13 14  1
16 6 14 8  1
16 6 8 6  1
16 7 16 15  1
16 7 15 13  1
16 7 13 14  1
16 7 14 8  1
16 7 8 9  1
16 7 9 7  1
16 8 16 15  1
16 8 15 12  1
16 8 12 11  1
16 8 11 8  1
16 9 16 15  1
16 9 15 13  1
16 9 13 14  1
16 9 14 8  1
16 9 8 9  1
16 10 16 15  1
16 10 15 13  1
16 10 13 14  1
16 10 14 8  1
16 10 8 9  1
16 10 9 7  1
16 10 7 10  1
16 11 16 15  1
16 11 15 12  1
16 11 12 11  1
16 12 16 15  1
16 12 15 12  1
16 13 16 15  1
16 13 15 13  1
16 14 16 15  1
16 14 15 13  1
16 14 13 14  1
16 15 16 15  1
16 17 16 17  1
16 18 16 17  1
16 18 17 18  1
16 19 16 17  1
16 19 17 19  1
16 20 16 17  1
16 20 17 19  1
16 20 19 20  1
16 21 16 21  1
16 22 16 21  1
16 22 21 22  1
16 23 16 17  1
16 23 17 19  1
16 23 19 23  1
16 24 16 18  1
16 24 18 20  1
16 24 20 24  1
17 0 17 18  1
17 0 18 14  1
17 0 14 8  1
17 0 8 6  1
17 0 6 4  1
17 0 4 2  1
17 0 2 0  1
17 1 17 18  1
17 1 18 14  1
17 1 14 8  1
17 1 8 6  1
17 1 6 4  1
17 1 4 1  1
17 2 17 18  1
17 2 18 14  1
17 2 14 8  1
17 2 8 6  1
17 2 6 4  1
17 2 4 2  1
17 3 17 18  1
17 3 18 14  1
17 3 14 8  1
17 3 8 6  1
17 3 6 4  1
17 3 4 3  1
17 4 17 18  1
17 4 18 14  1
17 4 14 8  1
17 4 8 6  1
17 4 6 4  1
17 5 17 18  1
17 5 18 14  1
17 5 14 8  1
17 5 8 6  1
17 5 6 5  1
17 6 17 18  1
17 6 18 14  1
17 6 14 8  1
17 6 8 6  1
17 7 17 18  1
17 7 18 14  1
17 7 14 8  1
17 7 8 9  1
17 7 9 7  1
17 8 17 16  1
17 8 16 15  1
17 8 15 12  1
17 8 12 11  1
17 8 11 8  1
17 9 17 18  1
17 9 18 14  1
17 9 14 8  1
17 9 8 9  1
17 10 17 18  1
17 10 18 14  1
17 10 14 8  1
17 10 8 9  1
17 10 9 7  1
17 10 7 10  1
17 11 17 16  1
17 11 16 15  1
17 11 15 12  1
17 11 12 11  1
17 12 17 16  1
17 12 16 15  1
17 12 15 12  1
17 13 17 16  1
17 13 16 15  1
17 13 15 13  1
17 14 17 18  1
17 14 18 14  1
17 15 17 16  1
17 15 16 15  1
17 16 17 16  1
17 18 17 16  1
17 18 16 18  1
17 19 17 18  1
17 19 18 20  1
17 19 20 19  1
17 20 17 18  1
17 20 18 20  1
17 21 17 16  1
17 21 16 21  1
17 22 17 16  1
17 22 16 22  1
17 23 17 19  1
17 23 19 23  1
17 24 17 18  1
17 24 18 20  1
17 24 20 24  1
18 0 18 14  1
18 0 14 8  1
18 0 8 6  1
18 0 6 4  1
18 0 4 2  1
18 0 2 0  1
18 1 18 14  1
18 1 14 8  1
18 1 8 6  1
18 1 6 4  1
18 1 4 1  1
18 2 18 14  1
18 2 14 8  1
18 2 8 6  1
18 2 6 4  1
18 2 4 2  1
18 3 18 14  1
18 3 14 8  1
18 3 8 6  1
18 3 6 4  1
18 3 4 3  1
18 4 18 14  1
18 4 14 8  1
18 4 8 6  1
18 4 6 4  1
18 5 18 14  1
18 5 14 8  1
18 5 8 6  1
18 5 6 5  1
18 6 18 14  1
18 6 14 8  1
18 6 8 6  1
18 7 18 14  1
18 7 14 8  1
18 7 8 9  1
18 7 9 7  1
18 8 18 14  1
18 8 14 8  1
18 9 18 14  1
18 9 14 8  1
18 9 8 9  1
18 10 18 14  1
18 10 14 8  1
18 10 8 9  1
18 10 9 7  1
18 10 7 10  1
18 11 18 14  1
18 11 14 8  1
18 11 8 11  1
18 12 18 14  1
18 12 14 13  1
18 12 13 12  1
18 13 18 14  1
18 13 14 13  1
18 14 18 14  1
18 15 18 14  1
18 15 14 13  1
18 15 13 15  1
18 16 18 16  1
18 17 18 16  1
18 17 16 17  1
18 19 18 17  1
18 19 17 19  1
18 20 18 14  1
18 20 14 20  1
18 21 18 16  1
18 21 16 21  1
18 22 18 16  1
18 22 16 22  1
18 23 18 16  1
18 23 16 22  1
18 23 22 23  1
18 24 18 16  1
18 24 16 22  1
18 24 22 23  1
18 24 23 24  1
19 0 19 17  1
19 0 17 18  1
19 0 18 14  1
19 0 14 8  1
19 0 8 6  1
19 0 6 4  1
19 0 4 2  1
19 0 2 0  1
19 1 19 17  1
19 1 17 18  1
19 1 18 14  1
19 1 14 8  1
19 1 8 6  1
19 1 6 4  1
19 1 4 1  1
19 2 19 17  1
19 2 17 18  1
19 2 18 14  1
19 2 14 8  1
19 2 8 6  1
19 2 6 4  1
19 2 4 2  1
19 3 19 17  1
19 3 17 18  1
19 3 18 14  1
19 3 14 8  1
19 3 8 6  1
19 3 6 4  1
19 3 4 3  1
19 4 19 17  1
19 4 17 18  1
19 4 18 14  1
19 4 14 8  1
19 4 8 6  1
19 4 6 4  1
19 5 19 17  1
19 5 17 18  1
19 5 18 14  1
19 5 14 8  1
19 5 8 6  1
19 5 6 5  1
19 6 19 17  1
19 6 17 18  1
19 6 18 14  1
19 6 14 8  1
19 6 8 6  1
19 7 19 17  1
19 7 17 18  1
19 7 18 14  1
19 7 14 8  1
19 7 8 9  1
19 7 9 7  1
19 8 19 17  1
19 8 17 16  1
19 8 16 15  1
19 8 15 12  1
19 8 12 11  1
19 8 11 8  1
19 9 19 17  1
19 9 17 18  1
19 9 18 14  1
19 9 14 8  1
19 9 8 9  1
19 10 19 17  1
19 10 17 18  1
19 10 18 14  1
19 10 14 8  1
19 10 8 9  1
19 10 9 7  1
19 10 7 10  1
19 11 19 17  1
19 11 17 16  1
19 11 16 15  1
19 11 15 12  1
19 11 12 11  1
19 12 19 17  1
19 12 17 16  1
19 12 16 15  1
19 12 15 12  1
19 13 19 17  1
19 13 17 16  1
19 13 16 15  1
19 13 15 13  1
19 14 19 17  1
19 14 17 18  1
19 14 18 14  1
19 15 19 17  1
19 15 17 16  1
19 15 16 15  1
19 16 19 17  1
19 16 17 16  1
19 17 19 17  1
19 18 19 17  1
19 18 17 18  1
19 20 19 17  1
19 20 17 18  1
19 20 18 20  1
19 21 19 17  1
19 21 17 16  1
19 21 16 21  1
19 22 19 17  1
19 22 17 22  1
19 23 19 20  1
19 23 20 24  1
19 23 24 23  1
19 24 19 20  1
19 24 20 24  1
20 0 20 14  1
20 0 14 8  1
20 0 8 6  1
20 0 6 4  1
20 0 4 2  1
20 0 2 0  1
20 1 20 14  1
20 1 14 8  1
20 1 8 6  1
20 1 6 4  1
20 1 4 1  1
20 2 20 14  1
20 2 14 8  1
20 2 8 6  1
20 2 6 4  1
20 2 4 2  1
20 3 20 14  1
20 3 14 8  1
20 3 8 6  1
20 3 6 4  1
20 3 4 3  1
20 4 20 14  1
20 4 14 8  1
20 4 8 6  1
20 4 6 4  1
20 5 20 14  1
20 5 14 8  1
20 5 8 6  1
20 5 6 5  1
20 6 20 14  1
20 6 14 8  1
20 6 8 6  1
20 7 20 14  1
20 7 14 8  1
20 7 8 9  1
20 7 9 7  1
20 8 20 14  1
20 8 14 8  1
20 9 20 14  1
20 9 14 8  1
20 9 8 9  1
20 10 20 14  1
20 10 14 8  1
20 10 8 9  1
20 10 9 7  1
20 10 7 10  1
20 11 20 14  1
20 11 14 8  1
20 11 8 11  1
20 12 20 14  1
20 12 14 13  1
20 12 13 12  1
20 13 20 14  1
20 13 14 13  1
20 14 20 14  1
20 15 20 14  1
20 15 14 13  1
20 15 13 15  1
20 16 20 18  1
20 16 18 16  1
20 17 20 18  1
20 17 18 17  1
20 18 20 14  1
20 18 14 18  1
20 19 20 18  1
20 19 18 17  1
20 19 17 19  1
20 21 20 18  1
20 21 18 16  1
20 21 16 21  1
20 22 20 18  1
20 22 18 16  1
20 22 16 22  1
20 23 20 19  1
20 23 19 23  1
20 24 20 19  1
20 24 19 23  1
20 24 23 24  1
21 0 21 15  1
21 0 15 13  1
21 0 13 14  1
21 0 14 8  1
21 0 8 6  1
21 0 6 4  1
21 0 4 2  1
21 0 2 0  1
21 1 21 15  1
21 1 15 12  1
21 1 12 11  1
21 1 11 8  1
21 1 8 6  1
21 1 6 4  1
21 1 4 1  1
21 2 21 15  1
21 2 15 13  1
21 2 13 14  1
21 2 14 8  1
21 2 8 6  1
21 2 6 4  1
21 2 4 2  1
21 3 21 15  1
21 3 15 13  1
21 3 13 14  1
21 3 14 8  1
21 3 8 6  1
21 3 6 4  1
21 3 4 3  1
21 4 21 15  1
21 4 15 13  1
21 4 13 14  1
21 4 14 8  1
21 4 8 6  1
21 4 6 4  1
21 5 21 15  1
21 5 15 13  1
21 5 13 14  1
21 5 14 8  1
21 5 8 6  1
21 5 6 5  1
21 6 21 15  1
21 6 15 13  1
21 6 13 14  1
21 6 14 8  1
21 6 8 6  1
21 7 21 15  1
21 7 15 13  1
21 7 13 14  1
21 7 14 8  1
21 7 8 9  1
21 7 9 7  1
21 8 21 15  1
21 8 15 12  1
21 8 12 11  1
21 8 11 8  1
21 9 21 15  1
21 9 15 13  1
21 9 13 14  1
21 9 14 8  1
21 9 8 9  1
21 10 21 15  1
21 10 15 13  1
21 10 13 14  1
21 10 14 8  1
21 10 8 9  1
21 10 9 7  1
21 10 7 10  1
21 11 21 15  1
21 11 15 12  1
21 11 12 11  1
21 12 21 15  1
21 12 15 12  1
21 13 21 15  1
21 13 15 13  1
21 14 21 15  1
21 14 15 13  1
21 14 13 14  1
21 15 21 15  1
21 16 21 16  1
21 17 21 16  1
21 17 16 17  1
21 18 21 16  1
21 18 16 18  1
21 19 21 16  1
21 19 16 17  1
21 19 17 19  1
21 20 21 15  1
21 20 15 13  1
21 20 13 14  1
21 20 14 20  1
21 22 21 16  1
21 22 16 22  1
21 23 21 16  1
21 23 16 17  1
21 23 17 19  1
21 23 19 23  1
21 24 21 16  1
21 24 16 18  1
21 24 18 20  1
21 24 20 24  1
22 0 22 16  1
22 0 16 18  1
22 0 18 14  1
22 0 14 8  1
22 0 8 6  1
22 0 6 4  1
22 0 4 2  1
22 0 2 0  1
22 1 22 16  1
22 1 16 18  1
22 1 18 14  1
22 1 14 8  1
22 1 8 6  1
22 1 6 4  1
22 1 4 1  1
22 2 22 16  1
22 2 16 18  1
22 2 18 14  1
22 2 14 10  1
22 2 10 7  1
22 2 7 5  1
22 2 5 3  1
22 2 3 1  1
22 2 1 2  1
22 3 22 16  1
22 3 16 18  1
22 3 18 14  1
22 3 14 8  1
22 3 8 6  1
22 3 6 4  1
22 3 4 3  1
22 4 22 16  1
22 4 16 18  1
22 4 18 14  1
22 4 14 8  1
22 4 8 6  1
22 4 6 4  1
22 5 22 16  1
22 5 16 18  1
22 5 18 14  1
22 5 14 10  1
22 5 10 7  1
22 5 7 5  1
22 6 22 16  1
22 6 16 18  1
22 6 18 14  1
22 6 14 8  1
22 6 8 6  1
22 7 22 16  1
22 7 16 18  1
22 7 18 14  1
22 7 14 8  1
22 7 8 9  1
22 7 9 7  1
22 8 22 16  1
22 8 16 18  1
22 8 18 14  1
22 8 14 8  1
22 9 22 16  1
22 9 16 18  1
22 9 18 14  1
22 9 14 8  1
22 9 8 9  1
22 10 22 16  1
22 10 16 18  1
22 10 18 14  1
22 10 14 10  1
22 11 22 16  1
22 11 16 18  1
22 11 18 14  1
22 11 14 8  1
22 11 8 11  1
22 12 22 16  1
22 12 16 15  1
22 12 15 12  1
22 13 22 16  1
22 13 16 15  1
22 13 15 12  1
22 13 12 13  1
22 14 22 16  1
22 14 16 18  1
22 14 18 14  1
22 15 22 16  1
22 15 16 15  1
22 16 22 16  1
22 17 22 16  1
22 17 16 17  1
22 18 22 16  1
22 18 16 18  1
22 19 22 17  1
22 19 17 19  1
22 20 22 16  1
22 20 16 18  1
22 20 18 20  1
22 21 22 16  1
22 21 16 21  1
22 23 22 17  1
22 23 17 19  1
22 23 19 23  1
22 24 22 16  1
22 24 16 18  1
22 24 18 20  1
22 24 20 24  1
23 0 23 19  1
23 0 19 20  1
23 0 20 14  1
23 0 14 8  1
23 0 8 6  1
23 0 6 4  1
23 0 4 2  1
23 0 2 0  1
23 1 23 19  1
23 1 19 20  1
23 1 20 14  1
23 1 14 8  1
23 1 8 6  1
23 1 6 4  1
23 1 4 1  1
23 2 23 19  1
23 2 19 20  1
23 2 20 14  1
23 2 14 8  1
23 2 8 6  1
23 2 6 4  1
23 2 4 2  1
23 3 23 22  1
23 3 22 17  1
23 3 17 18  1
23 3 18 14  1
23 3 14 8  1
23 3 8 6  1
23 3 6 4  1
23 3 4 3  1
23 4 23 19  1
23 4 19 20  1
23 4 20 14  1
23 4 14 8  1
23 4 8 6  1
23 4 6 4  1
23 5 23 19  1
23 5 19 20  1
23 5 20 14  1
23 5 14 8  1
23 5 8 6  1
23 5 6 5  1
23 6 23 22  1
23 6 22 16  1
23 6 16 18  1
23 6 18 14  1
23 6 14 8  1
23 6 8 6  1
23 7 23 19  1
23 7 19 20  1
23 7 20 14  1
23 7 14 8  1
23 7 8 9  1
23 7 9 7  1
23 8 23 22  1
23 8 22 21  1
23 8 21 15  1
23 8 15 12  1
23 8 12 11  1
23 8 11 8  1
23 9 23 19  1
23 9 19 20  1
23 9 20 14  1
23 9 14 8  1
23 9 8 9  1
23 10 23 19  1
23 10 19 20  1
23 10 20 14  1
23 10 14 8  1
23 10 8 9  1
23 10 9 7  1
23 10 7 10  1
23 11 23 22  1
23 11 22 21  1
23 11 21 15  1
23 11 15 12  1
23 11 12 11  1
23 12 23 22  1
23 12 22 21  1
23 12 21 15  1
23 12 15 12  1
23 13 23 22  1
23 13 22 21  1
23 13 21 15  1
23 13 15 13  1
23 14 23 22  1
23 14 22 16  1
23 14 16 18  1
23 14 18 14  1
23 15 23 19  1
23 15 19 17  1
23 15 17 16  1
23 15 16 15  1
23 16 23 19  1
23 16 19 17  1
23 16 17 16  1
23 17 23 19  1
23 17 19 17  1
23 18 23 22  1
23 18 22 16  1
23 18 16 18  1
23 19 23 19  1
23 20 23 19  1
23 20 19 20  1
23 21 23 19  1
23 21 19 17  1
23 21 17 16  1
23 21 16 21  1
23 22 23 19  1
23 22 19 17  1
23 22 17 22  1
23 24 23 19  1
23 24 19 20  1
23 24 20 24  1
24 0 24 20  1
24 0 20 14  1
24 0 14 8  1
24 0 8 6  1
24 0 6 4  1
24 0 4 2  1
24 0 2 0  1
24 1 24 20  1
24 1 20 14  1
24 1 14 8  1
24 1 8 6  1
24 1 6 4  1
24 1 4 1  1
24 2 24 20  1
24 2 20 14  1
24 2 14 8  1
24 2 8 6  1
24 2 6 4  1
24 2 4 2  1
24 3 24 20  1
24 3 20 14  1
24 3 14 8  1
24 3 8 6  1
24 3 6 4  1
24 3 4 3  1
24 4 24 20  1
24 4 20 14  1
24 4 14 8  1
24 4 8 6  1
24 4 6 4  1
24 5 24 20  1
24 5 20 14  1
24 5 14 8  1
24 5 8 6  1
24 5 6 5  1
24 6 24 20  1
24 6 20 14  1
24 6 14 8  1
24 6 8 6  1
24 7 24 20  1
24 7 20 14  1
24 7 14 8  1
24 7 8 9  1
24 7 9 7  1
24 8 24 20  1
24 8 20 14  1
24 8 14 8  1
24 9 24 20  1
24 9 20 14  1
24 9 14 8  1
24 9 8 9  1
24 10 24 20  1
24 10 20 14  1
24 10 14 8  1
24 10 8 9  1
24 10 9 7  1
24 10 7 10  1
24 11 24 20  1
24 11 20 14  1
24 11 14 8  1
24 11 8 11  1
24 12 24 20  1
24 12 20 14  1
24 12 14 13  1
24 12 13 12  1
24 13 24 20  1
24 13 20 14  1
24 13 14 13  1
24 14 24 20  1
24 14 20 14  1
24 15 24 20  1
24 15 20 14  1
24 15 14 13  1
24 15 13 15  1
24 16 24 20  1
24 16 20 18  1
24 16 18 16  1
24 17 24 20  1
24 17 20 19  1
24 17 19 17  1
24 18 24 20  1
24 18 20 18  1
24 19 24 20  1
24 19 20 19  1
24 20 24 20  1
24 21 24 20  1
24 21 20 18  1
24 21 18 16  1
24 21 16 21  1
24 22 24 20  1
24 22 20 18  1
24 22 18 16  1
24 22 16 22  1
;
