mu and inter:=0.1, 0.2
LP number, s, d, size, Arrival time, holding time:=
0: 1 7 11 0 11
1: 4 10 4 1 1
2: 8 0 4 2 2
3: 9 7 1 3 9
4: 2 8 15 4 4
5: 9 4 14 5 3
6: 9 4 8 6 19
7: 8 6 11 7 12
8: 8 9 6 8 4
9: 10 1 13 9 6
10: 9 7 4 10 28
11: 4 8 13 11 17
12: 4 1 6 12 8
13: 2 10 12 13 9
14: 7 3 13 14 9
15: 10 8 2 15 4
16: 1 0 4 16 1
17: 1 7 9 17 17
18: 8 0 9 18 5
19: 4 7 13 19 8
20: 6 5 3 20 28
21: 7 2 5 21 1
22: 5 1 2 22 2
23: 8 5 2 23 5
24: 5 6 3 24 1
25: 1 0 5 25 3
26: 10 7 9 26 2
27: 7 10 6 27 9
28: 2 3 2 28 14
29: 9 2 14 29 29
30: 9 10 5 30 11
31: 2 3 7 31 13
32: 0 4 12 32 11
33: 8 5 6 33 18
34: 4 6 12 34 1
35: 3 2 8 35 8
36: 10 2 6 36 1
37: 0 2 14 37 10
38: 6 7 4 38 6
39: 7 10 15 39 24
40: 9 0 14 40 2
41: 5 1 11 41 5
42: 10 7 7 42 5
43: 0 5 3 43 2
44: 10 8 7 44 1
45: 2 8 10 45 4
46: 9 2 8 46 7
47: 5 7 2 47 3
48: 3 1 5 48 2
49: 0 6 5 49 8
50: 4 3 10 50 10
51: 2 9 2 51 14
52: 5 3 14 52 9
53: 5 3 12 53 13
54: 5 0 8 54 1
55: 1 4 13 55 5
56: 1 10 16 56 21
57: 8 3 14 57 13
58: 9 7 2 58 16
59: 9 1 2 59 27
60: 0 3 12 60 14
61: 6 2 3 61 9
62: 9 6 3 62 42
63: 4 0 7 63 2
64: 6 1 8 64 40
65: 4 1 4 65 14
66: 0 6 4 66 22
67: 6 3 12 67 6
68: 8 4 12 68 10
69: 4 8 4 69 11
70: 8 1 3 70 29
71: 3 9 3 71 6
72: 7 0 14 72 8
73: 3 8 3 73 12
74: 6 4 11 74 7
75: 3 1 5 75 10
76: 6 4 8 76 45
77: 5 2 14 77 3
78: 7 10 8 78 3
79: 0 6 15 79 11
80: 6 8 11 80 29
81: 4 1 11 81 4
82: 3 0 14 82 24
83: 0 6 7 83 3
84: 0 4 10 84 6
85: 10 2 2 85 10
86: 9 5 4 86 19
87: 4 2 14 87 3
88: 5 2 10 88 20
89: 3 0 6 89 12
90: 8 5 4 90 4
91: 4 1 14 91 5
92: 6 0 13 92 3
93: 3 2 7 93 25
94: 9 8 8 94 5
95: 2 8 11 95 1
96: 1 2 6 96 11
97: 8 9 12 97 10
98: 3 9 5 98 10
99: 0 9 12 99 1
:;

