mu and inter:=0.1, 0.166667
LP number, s, d, size, Arrival time, holding time:=
0: 1 2 6 0 3.66487
1: 2 3 9 0.123982 1.6813
2: 1 3 9 0.150734 3.5062
3: 1 2 3 0.394354 1.52567
4: 2 3 15 0.418194 8.51745
5: 4 3 12 0.516738 6.49173
6: 4 3 1 0.553855 11.423
7: 2 4 6 0.6 4.74368
8: 4 1 13 0.783508 10.76
9: 2 4 11 1.09309 19.9801
10: 0 4 8 1.09827 21.0327
11: 3 4 11 1.21679 9.44848
12: 0 3 13 1.24269 0.430223
13: 3 0 8 1.5232 1.63891
14: 2 4 10 1.59363 1.21417
15: 1 3 4 1.62579 7.61424
16: 4 1 8 1.89127 0.322318
17: 0 1 2 2.25592 9.93847
18: 3 2 2 2.30103 13.6428
19: 3 1 10 2.33405 0.46367
20: 2 0 6 2.43137 20.1669
21: 0 2 10 2.91372 1.69541
22: 1 0 5 2.94522 4.06141
23: 2 4 5 3.00822 11.7974
24: 2 3 7 3.14448 0.0297538
25: 2 4 11 3.33359 6.82363
26: 1 0 3 3.35226 4.4142
27: 3 4 12 3.38488 1.35268
28: 0 4 4 3.4204 6.7496
29: 1 2 12 3.58364 21.5904
30: 3 2 11 3.65202 3.47663
31: 1 4 15 3.87017 5.73187
32: 0 3 8 3.89188 3.08672
33: 1 0 13 4.07933 10.4822
34: 0 1 8 4.16702 1.91643
35: 2 0 16 4.44968 0.617787
36: 2 4 12 4.6405 1.84523
37: 0 2 12 4.84764 3.0042
38: 4 0 9 4.92547 16.6202
39: 1 2 15 5.00683 16.1807
40: 2 3 13 5.3494 3.77085
41: 0 3 6 5.46511 11.1791
42: 2 4 14 5.5038 11.073
43: 4 3 7 5.56565 2.95848
44: 3 4 14 5.74283 1.22151
45: 3 4 4 5.74543 10.0621
46: 1 0 16 5.94899 32.7073
47: 2 1 4 6.00839 5.95855
48: 4 3 10 6.07723 3.76811
49: 0 4 11 6.29592 0.204483
50: 2 0 4 6.39167 2.30474
51: 2 3 5 6.64042 6.13242
52: 4 1 13 6.90462 1.918
53: 2 1 9 7.00253 5.79741
54: 0 4 1 7.24368 0.177302
55: 3 2 10 7.34458 10.9446
56: 3 1 1 7.48875 13.1379
57: 4 0 13 7.68712 5.29329
58: 0 3 5 7.76741 8.75391
59: 2 1 4 7.79852 19.2655
60: 2 4 8 8.08269 6.42563
61: 3 4 7 8.25325 1.5101
62: 0 4 7 8.25947 34.2867
63: 3 4 14 8.29076 2.93491
64: 1 4 16 8.60961 32.9108
65: 4 2 9 8.61383 6.59123
66: 4 0 9 8.61514 14.6846
67: 1 4 9 8.74392 17.4723
68: 4 3 9 8.76683 2.62936
69: 2 4 8 8.88664 3.38114
70: 2 1 6 9.33853 21.59
71: 1 2 7 9.45859 18.8466
72: 2 0 12 9.47263 0.342262
73: 0 2 7 9.52748 4.5585
74: 0 3 6 9.9507 26.8688
75: 4 0 11 10.0807 2.09838
76: 2 1 1 10.4096 37.2075
77: 0 2 12 10.4744 5.78572
78: 3 1 1 10.6456 5.65881
79: 0 3 15 10.7151 3.1394
80: 4 3 7 10.7539 21.3781
81: 3 2 7 11.0533 8.18804
82: 3 0 12 11.0584 16.1028
83: 1 3 15 11.0851 5.50211
84: 4 3 4 11.2763 19.0816
85: 1 3 5 11.7149 2.14463
86: 2 1 9 11.8363 11.9243
87: 3 4 13 12.2762 5.89269
88: 3 0 5 12.3525 12.1569
89: 2 0 13 12.5094 4.99968
90: 4 2 8 12.7892 9.14023
91: 1 4 12 13.0094 11.9393
92: 3 1 11 13.2887 6.20448
93: 4 2 15 13.3632 18.0233
94: 4 2 1 13.3935 12.8116
95: 3 0 7 13.6819 1.91476
96: 1 3 13 13.8582 3.27454
97: 2 3 8 14.0118 2.91643
98: 3 0 11 14.195 2.61267
99: 3 1 8 14.2553 0.805725
:;

